8
4
0000000010000111101011111010000000000000000000000000000000000000000000000000000000000000000000000000000000000000000000000000000000000000000000000000000000000000000000000000000000000000000000000000000000000000000000000000000000000000000000000000000000000000
0000000010000111101011111010000000000000000000000000000000000000000000000000000000000000000000000000000000000000000000000000000000000000000000000000000000000000000000000000000000000000000000000000000000000000000000000000000000000000000000000000000000000000
0000000001010011010110011101110000000000000000000000000000000000000000000000000000000000000000000000000000000000000000000000000000000000000000000000000000000000000000000000000000000000000000000000000000000000000000000000000000000000000000000000000000000000
0000000001010011010110011101110000000000000000000000000000000000000000000000000000000000000000000000000000000000000000000000000000000000000000000000000000000000000000000000000000000000000000000000000000000000000000000000000000000000000000000000000000000000
1111111111111111111111111111111000000000000000000000000000000000000000000000000000000000000000000000000000000000000000000000000000000000000000000000000000000000000000000000000000000000000000000000000000000000000000000000000000000000000000000000000000000000
1111111111111111111111111111111000000000000000000000000000000000000000000000000000000000000000000000000000000000000000000000000000000000000000000000000000000000000000000000000000000000000000000000000000000000000000000000000000000000000000000000000000000000
1111111111111111111111111111111000000000000000000000000000000000000000000000000000000000000000000000000000000000000000000000000000000000000000000000000000000000000000000000000000000000000000000000000000000000000000000000000000000000000000000000000000000000
1111111111111111111111111111111000000000000000000000000000000000000000000000000000000000000000000000000000000000000000000000000000000000000000000000000000000000000000000000000000000000000000000000000000000000000000000000000000000000000000000000000000000000
1001100011110111101010101000010011101101111110011010001101000001111000111010101010101010101101001000000000011001000001111000100011111111110000010011101000010111111011100001010011000011011010001001000100001101110111000111011101100001111010110011111010100011
0010001000101011111101011001001100011000001111110111011110011101010110111010100011001111011110111100111010011100111100010100111101100001111010010111101100100110100001000010010111110011110111010010110001110100000101110101000111000111110110100000110101101111
1001110100100010010011110111001001000110111000111101001110001011000101001100101111000000001010110010010001000100001011100101111000010111011011000000010111101011100101101010101101010001101100000000100110100001101010111101011100001011100110010111111011000011
1001110100100010010011110111001001000110111000111101001110001011000101001100101111000000001010110010010001000100001011100101111000010111011011000000010111101011100101101010101101010001101100000000100110100001101010111101011100001011100110010111111011000011
0011110011101011100001100010110001010111111111101000010001110001011101100101000011001111111001010101110101001010111010111111101000101001110111011010100000011010000001000111100011001101001001000011011010110001011001010010000011101011101011100101111010111101
1100100010000100111011010010001000000011101010100011110001000001010110101111010000011000100111100010110000001000110011010110110001111110010111110010010010000010100000001110011000100110010100001110000000110010110000011001010100001101000101111000110000000111
0110111000101010001110001010111111111110011001110000001100111111100001111110011000111100101010100000101101010001110111011111010010010100101000000011110111011110100010110110001100010000100010000001111100110110101101011111000010011011000010101101111010100111
