3659478019
1073070084
1624398859
3760910352
1477484051
2791157276
1435500578
4220655653
3079017004
775557167
3974122048
3521834053
3468625477
1869300809
266029134
2425498704
2255497296
578596945
1000477780
1397830742
2656863321
3251724395
3850121836
4206109293
599507061
1774259329
1201191045
2625041034
1721214605
3682176656
3918003347
2034134170
3318003867
2155177127
3513351855
1988864176
1887502001
157103281
2980508849
3030939844
2735854280
2508435660
427590864
1815791832
3793486555
1841470173
2307084511
4290635491
2877032164
2828829926
3335192807
2955114726
3328641257
3703533800
330661099
775786734
1085087985
2714219256
2256820989
276886781
3801698046
2743919358
2994184450
1905983237
2294890760
1364133644
452329741
3070079768
3253243160
3209478940
3310717212
1494470430
313158941
2758799140
713475365
1131486501
4290708782
1545823026
1261894970
2159884091
3991725885
923287872
3076819780
2180813640
3239446350
4065071439
2674019152
2823925584
117623634
421079901
2590337381
3458903401
1861159275
1503561603
2604518788
3354882954
403836305
545498514
154676628
1034469271
3029135767
134181276
2172059563
1170963372
2239977901
2408745903
489497523
1204741045
450184127
2046072262
2955471307
1962664397
3232372174
3640431570
1693856723
317515223
1321083351
1036861402
825551324
3089982433
3749170145
1584247780
1074779109
1292517350
1665035244
57953261
552092652
845537263
2688876015
1440674802
3362980342
2269302267
4031767036
540610045
3041085444
468687368
2785476107
1586660367
2836083218
1873330196
2982002200
1588605465
3901327898
2191499814
332641840
1794883633
3101959221
4112490038
1730866235
1043425851
993745470
2098925120
2695288898
1034317382
808138824
2301011026
1091310166
1765515352
1248880223
3213830242
3046713955
2591214712
925846661
1413676678
64552072
453820044
2642459280
3808582804
203885207
3145600663
68781209
3411745958
2745266855
1302563507
1758333627
1945380043
1951006417
633165011
2263786201
741134561
2958251238
363614442
3969472752
585507057
10416880
1589279476
220384507
201860861
34560260
4137370373
2433312520
2628134667
2900445455
718668051
3072125205
2092413720
4000514328
3194712348
1483960102
2661385007
770550065
397877555
3506131254
1559562552
2552896824
1268428604
12319552
575468871
1204019016
891069264
2468428119
1287665495
959382361
3955512151
601770332
3320465761
1755016033
3711837030
2379951462
3267327342
3834559857
605043064
3134104957
3779472773
2546727316
93392277
2891955094
3458620831
2129980838
1378486704
1490327985
1751333301
2464769464
229459392
3597492672
3793617348
3066402759
719825351
458100681
2144147401
2519879116
2674053581
2755260374
2165469147
1355412956
2616798688
243712485
1049560039
3717471719
43993578
3710667243
1154591725
3305876974
826962929
3961870328
4090861565
