2450470913
1286316034
3079088132
3248283653
595421196
605593612
2452383758
624781327
2334658579
3646392342
2668679191
2722899991
3506718745
575729686
3776337949
123891743
3958138913
567349281
3870019619
197443617
882032678
2328823847
1450690598
851472426
3554949177
2631456825
2860550203
635142205
3576088644
4278184005
621019209
3812159561
3005272137
1726703691
475019344
3034101840
4059484244
1784922197
368689237
1103992919
2061297751
1785350231
3025414233
1745119319
1672945753
2125756510
4113692766
361336932
1562890341
648755300
4030511207
124029031
872239211
3776970862
908728431
2931159152
3469987952
1734432882
186855539
206614642
1066186875
3821973632
3552497792
1818980484
1504284805
2063984775
1635227784
1185777801
1495107726
1886924943
2941401231
396255380
3127453852
1854509213
1233885341
3524233375
1227667618
134633643
98629807
54624436
4199819445
1399439541
3713368244
3832938680
4137697465
3919825082
2243084475
673751229
3047497917
844908738
3016847556
791625929
2591000778
1946894540
1117196496
3562701011
1333637331
3164289238
2986492119
2749198551
161024218
149809374
2482172126
1871382753
3112992995
1211508964
3347128548
2134651107
815837414
571705581
2238318831
890570993
2297360629
2373519606
716687607
3769596155
4016333054
2833107202
857897218
2032810245
584364295
2671814919
520773897
775414026
350978323
876071188
40483094
1191461143
1964708120
3973388568
2266921242
614207769
1528994072
1559279905
2535049506
1159895351
1390043448
1021032763
767166783
726626625
3117713730
567097667
747080004
886786376
3542141264
3781345617
1654765907
3625988435
4053623125
1507187033
1355084122
1647997274
1499160927
2963562848
1675911523
42541412
2395900260
2669549927
419078505
421556593
368462193
3111893364
1625534838
1199090039
1643161980
2414096765
208509310
2094387586
3418859906
102537603
3626068357
1025698182
2990883214
3794631056
1681363347
3979880852
1519960472
1309653401
3965778328
2254059512
4026288543
1948557730
3212302757
3920742823
1807686058
4258859437
3105057199
2999366064
1226375600
478525873
320547252
2331431351
1717420473
3741477305
2891571646
243382719
2523408830
4256217541
3327076807
3174552010
3715791307
2925881803
3069145549
2257236430
1620898256
2051828180
2874470869
1683839444
394377688
1732426201
2078568923
2268852700
3073728987
309928413
105392607
2248989152
2830062050
4238023141
2866704870
3030106599
3918803432
3484979690
1804431851
1460849134
1460152816
420588016
2657886706
316277232
2921570806
3512371702
3812706812
202791422
606312963
10713604
413510158
3314379279
2382955024
1547158032
1591271954
1956114965
244462103
1854921239
465007130
191619611
1269010971
3319255581
3643451931
3311215138
1907833379
2142040611
825535012
1293783594
1707885098
1168796202
3969620525
107321902
1771461167
4232606256
845646378
611203634
4199365171
1779272243
3032582708
2275271218
3966990903
3994675768
4242534972
2905514557
125962812
1160354367
3415812672
1720541766
1637464648
1325816394
1775280716
1670292045
759034446
1251506766
3723731534
2604925522
3046029907
221080149
2365719126
1208177240
3984128602
2162696795
1972314715
1014950493
710099550
2960288351
1966512737
3163411041
2405929571
2188135015
3423003243
1591964270
2788381297
1589156467
933814902
3538586231
3077173883
1812968062
1588738686
1609245316
377449093
3223650949
1111018116
2066844292
4153744008
1400107653
946442884
3512693388
1833585295
2049993359
87405204
140759702
260496022
3991736999
3643230887
1785696941
216122029
1026464431
3907146419
652415667
761322163
1616626358
1976832694
1641573043
1668813504
3235885768
890137289
614890191
3833647823
3673418447
3229065939
2446815958
1037601497
4007148250
1075337947
3674936027
729445085
2333752031
2124276449
851907299
2386854630
1189810920
2631191276
1709171437
2272637679
4241597168
3847967471
2078866163
4292893429
2766164726
545915641
1618211578
382956283
1612811003
3761130238
663585536
1850209025
1036909316
3125641989
3394976517
2859227910
1229374216
2134965000
1061653253
2120895243
2876353293
3666635538
348125971
1623382805
1186562838
694151961
3547568926
3161709345
2119445284
2759287589
1176222501
2126834471
4002661160
2562636585
4001874730
434514729
2252743467
1288936240
3575180081
2328349488
271594291
4272188211
3858406196
533103414
513200950
2847128372
3757304650
260868938
2048197454
2354303822
4190894930
2143316819
2857708371
3602359123
2918175577
2031788889
783131484
4269511518
1316909919
3671286624
2282660710
3634748263
1913695079
4001831787
3790187372
3463439213
2519376747
2555566959
1205111663
233071471
2052985715
458165109
2730273654
367227769
1051554685
687444866
2472205191
46887820
1703797645
652172174
1236151187
3438887828
2451796883
2840198037
536490905
3005776799
1680974751
4210414496
2603369383
2387702695
3308077991
1387879338
3269999529
2547174323
3686030265
941794234
3706133435
1976703933
601781183
1683663811
893404101
2941451206
3153871815
2631121866
3206183891
2363749333
3862148057
435923937
1996981222
3468874727
3384310758
924138477
2229558254
3922379757
1458320371
4253823996
297673725
4026760190
3883432959
872721409
1374188548
270896132
1702693895
513883146
1131140107
17093648
904864784
1882469394
2528416786
1955818518
656086039
838474775
2572207130
3386037276
3516683293
2536541216
2080853025
1881490470
2918616102
1523956774
1035064365
2122431534
495883310
805245998
577860657
1452024882
932787250
2477874229
697396278
2217925687
2855326782
2347691070
3647917120
4040420417
2350412866
2352088128
2200110148
3648490560
2464449606
2435941450
773698638
545686609
1114322003
64453719
1424370778
1487201371
780239962
3505499228
2449900641
424111203
3695477864
969786473
3104017514
4167005292
2741259378
761752694
2379799671
1131586682
278244475
1606247548
190647426
2675027074
3277194372
2335691910
1450794119
3259069576
2045234311
2814379147
2233990284
2171999374
2805984400
1725578385
2987857041
4190174355
1537619092
2854554773
599268503
1180978328
236465305
3989802139
3450223772
1631345829
2743835815
344839336
2332466343
2162414762
2178759851
1306522798
1555868848
962591923
139611321
3341630649
3660698815
4280663232
2251732162
3237680323
279962824
4067826890
45608140
314694860
1219464399
3615415506
2382095574
2178852054
1651158235
1642294495
1935346914
4096486627
1692382438
2398645481
4169616618
1124187372
2055812334
3985048816
987544819
3557162228
732087539
418381048
4024986873
1884261624
1908401403
3576839418
1963105533
3143724286
624612607
3634355456
3975113982
687885570
785061127
351257868
1994861836
1998320916
2093176085
1413451029
3158566164
1177359638
2098179354
565417243
2411613468
4053734685
2304777500
1629599005
1076776228
2422990117
2541583661
3208375602
1765483827
1666727222
3806778679
2297064760
3397305663
438766912
1208300865
2732567877
1097612614
2132358475
1271360844
3220137294
206898512
964894036
3684633941
3484558677
569630041
4082120026
2316848474
2976677213
4003515743
367183201
4233856357
1645550949
4001867114
1496366442
822678894
3387299184
1551811958
386168184
1751063931
579589500
2467253628
3963630972
3630577022
3961961860
3067657607
4056894857
3984997770
3246134668
1613618575
3561741713
1202443666
3024721299
4176752020
453553563
1563786651
338503069
2525918622
189250977
3173744035
4275948966
1354737066
2564490672
3291905457
2882440625
4153263540
385414586
1545422275
2844437957
726656463
388517332
2431256026
2002058714
370263517
4280989150
2909089247
2494889441
484195810
2316023267
1155364326
4028132842
3215787498
3193800175
534003185
3530761715
2777533942
1347976697
2652691965
2336237054
3256741376
2652814848
796182020
4022316549
381668873
1387202057
2089491980
933285391
3858646546
752520724
2285172246
527554070
2501322265
3190994464
4116416033
528303650
2152666658
2793465380
1076999723
2664384055
2901536316
748399864
1223726658
3623163466
413388362
3598962250
3208762966
981141080
855039578
3528457818
1482481242
461801051
3068708446
2052798047
2756077152
4075349600
1636257378
2076030564
4092120676
252335719
1021757031
394323563
4058769004
2710314608
1141165681
1555160690
2625832566
236852855
1876078200
1929305719
174816890
412976764
2950346374
837541510
2776004230
4005555851
3315646091
295399053
2969310865
524854930
1438623378
3939776152
1944811163
3441759899
1706124957
1718705824
328027810
498525865
3970547372
3654827702
4159241911
498835132
2673405631
3002810050
4121493195
4277784268
1519384268
3928946383
1877491410
1318092499
3344604882
2336024277
4109881042
2986929879
2265358040
809754322
1217404635
1397098204
1135406814
2156496611
1798655716
777371364
2443650790
3926560487
1362403048
1537021678
3659761394
3519176435
3889411829
292169462
618184439
76818168
3087922938
50312955
3119046399
1165061889
3180996354
3265224451
3656484609
408596231
3489826568
1604902665
110520074
508401419
1563449101
2257948437
2675533591
202749721
2269517594
3956553499
1369935644
2383650589
1058189081
285069082
1893218074
2634768153
1208645410
2019145507
2285334311
4043757353
2491336492
4026181421
1601814317
2760380204
1328523057
1517158194
2556096308
3976685364
3234576181
2074840885
160132926
1932754751
4192548673
13061954
440416067
3939262276
2055835464
3445571404
936968012
1044813644
3130148694
3112449883
1147750237
3578634078
3889485663
426032992
727439202
2420778851
2993659747
1480007525
153425762
3633782627
1356492651
3711922029
1606020973
1827438453
834522999
1677539194
2654289787
879794043
2369984383
3277414274
2108278658
2399901575
4214235016
3327416201
1229660043
4032911243
112524
2231275409
2585102230
80746390
2646720408
1426935704
19312539
2530598819
1661327267
3662434214
4258858919
1714200486
1163374502
4124659628
516321197
4088117165
4011589549
4202639278
4236449713
2401978286
2170892211
531230646
3770134456
1295685561
1058269114
3551537091
2862878667
4172670924
3265284044
3886770123
2473488341
3776395226
3362627549
2837254116
3306268646
3476619240
4287926251
3889379312
3985600497
4087330805
3272171511
3753115640
269930491
1308739581
3295224839
3901519374
4093112335
2498443792
2687839252
4097949720
3051700767
1243434016
1470876202
1318300718
181707823
2989850677
393615926
1037437495
2126763589
3051325003
2145484889
1586074203
3788119145
2380461168
891183220
1598525045
1251291253
2019071093
3515154552
299313787
2853571196
178652287
2799895187
2679871642
17476770
91267751
2798246065
3588418226
1419398836
1616080579
458414788
3569912008
3038419144
2549357564
465657036
3361322199
2918262488
2863589080
1763164393
4021728491
370568434
1692519156
923877110
1314722550
1419252983
2907617541
1672045831
3431790345
2047560460
4167528718
2308590872
2942316828
1301108514
2724941607
3753802023
1277770540
3149391668
1545427770
3625282875
3183359296
1517943621
1882140487
2242647373
2965091665
2540687204
3008719206
637432170
3970364267
919799663
3592266609
4022820212
1723644281
1966773640
132294539
271068558
4084485521
4269341075
1257169814
2667451288
2158352794
706485150
766982560
1114820001
931898785
361498019
2790176163
3543840175
3594101682
546485174
1229240764
3289092550
3606140370
3154549717
1521978841
3911194075
525900254
1510961634
4009860079
3490341367
686494200
3422908924
